1.910 0
1.9113636363636362 0.0053113553113552925
1.9204545454545452 0.016100566100565983
1.927272727272727 0.033533133533133475
1.931060606060606 0.05542790542790543
1.9348484848484846 0.08391608391608374
1.9378787878787878 0.143190143190143
1.9409090909090907 0.20685980685980676
1.9424242424242422 0.26396936396936377
1.9446969696969696 0.31666666666666654
1.9477272727272725 0.4001165501165499
1.9484848484848483 0.457242757242757
1.9484848484848483 0.5275724275724273
1.9499999999999997 0.5868797868797866
1.9507575757575757 0.6330169830169827
1.9537878787878786 0.7142690642690639
1.95530303030303 0.7955544455544452
1.9568181818181816 0.8460705960705956
1.959090909090909 0.8899766899766897
1.9613636363636362 0.9272893772893769
1.9689393939393938 0.9469030969030965
1.9765151515151513 0.9511322011322008
1.9863636363636363 0.9553113553113548
1.9984848484848485 0.9440559440559436
2.006818181818182 0.9218947718947714
2.014393939393939 0.9063436563436559
2.0303030303030303 0.9103896103896099
2.0416666666666665 0.9233266733266728
2.0568181818181817 0.94057609057609
2.0681818181818183 0.9491175491175486
2.0825757575757575 0.9488011988011983
2.096212121212121 0.9397102897102891
2.1090909090909093 0.9262404262404257
2.121969696969697 0.9083749583749579
2.1356060606060607 0.8926906426906421
2.1530303030303033 0.9010989010989006
2.1681818181818184 0.9117549117549111
2.1833333333333336 0.9136197136197131
2.1962121212121213 0.9023476523476517
2.2045454545454546 0.873593073593073
2.212878787878788 0.853629703629703
2.2265151515151516 0.8467365967365961
2.2363636363636363 0.8641025641025635
2.2424242424242427 0.8881451881451875
2.251515151515152 0.9209124209124202
2.2606060606060607 0.9426906426906421
2.2757575757575763 0.9401598401598394
2.2833333333333337 0.9092241092241085
2.2871212121212126 0.847602397602397
2.2893939393939395 0.7948051948051942
2.290909090909091 0.7178488178488172
2.292424242424243 0.6518814518814513
2.29469696969697 0.5793040293040288
2.295454545454546 0.5155511155511149
2.2969696969696973 0.44518814518814465
2.2992424242424248 0.3835997335997331
2.3003787878787882 0.30445387945387903
2.3022727272727277 0.2450715950715946
2.303787878787879 0.20328005328005294
2.3060606060606066 0.1570762570762565
2.3083333333333336 0.11526806526806488
2.3121212121212125 0.07122877122877092
2.3159090909090914 0.03598068598068571
2.3234848484848487 0.009440559440559104
2.332575757575758 0
